           0            0            0
   -0.146741     0.278794     -1.15882
  -0.0897192     0.375182    -0.466075
    -0.12692     0.439202    -0.726835
   -0.234189     0.379396      -1.0894
   -0.245481     0.392549    -0.690375
   -0.279371     0.453895     -1.83746
   -0.273496     0.437877    -0.355849
   -0.235929     0.458659      1.18228
   -0.168271      0.38186     -1.66556
   -0.183698      0.40001    -0.594325
   -0.139463      0.42213     0.210494
   -0.151624     0.452638      0.83124
   0.0196558     0.519773       1.8331
  -0.0703253     0.477256    -0.119879
  -0.0718512     0.537265     0.488536
    0.144763    -0.304345     0.225007
    0.189929    -0.323607      1.10108
    0.385882    -0.292607    -0.213513
    0.531222     0.159635   -0.0159779
     0.56293     0.121024     -1.31614
    0.524996     0.122628    0.0243207
    0.574908     0.198014     -0.13971
    0.586642   -0.0665692    -0.535135
  -0.0230841    0.0750076     0.142919
  -0.0315374    0.0928489     -1.07862
    -0.01518     0.100911    -0.680905
   0.0253321     0.108924    -0.117943
  -0.0619635    0.0821201      1.30125
  -0.0349096       0.1069     -0.12918
  -0.0887579    0.0932342      1.47649
   -0.061643    0.0561554    -0.080656
  -0.0609717    0.0754921    -0.060898
    0.016192     0.168449     0.248631
   0.0120722     0.139985    -0.691355
    0.020434     0.120727     -2.19558
  -0.0199255     0.129819     -1.24866
  -0.0281347     0.182386      1.70693
  -0.0205511     0.189365     0.341855
   0.0817896    -0.139649     -0.87525
    0.112902     -0.12826     0.965135
    0.248995   -0.0180557     0.130144
     0.21036    -0.019738    -0.486499
    0.135058   -0.0222347      1.22005
    0.158251   -0.0230969     0.972405
    0.152011    -0.039357       1.1133
   0.0579859   -0.0512741     -0.78927
   0.0636621   -0.0606716     -0.59789
   0.0633722    -0.042096     0.094105
   0.0884577   -0.0213326     -1.61359
   0.0143763   -0.0903366    -0.199025
    0.037768   -0.0485447      1.45393
   0.0409876   -0.0687645     -1.29591
   0.0184503   -0.0274399     0.299762
   0.0574518   -0.0134228     -1.15175
   0.0625482   -0.0190171    -0.934565
    0.062533   -0.0369004      2.68825
   0.0585962   -0.0303906     -0.66948
   0.0671564  -0.00979693      -1.1266
  -0.0244116   -0.0121277      0.63668
  -0.0127081   -0.0250557     0.263584
 0.000826446   -0.0241154     -1.59091
 -0.00549069   -0.0369976    -0.372115
 -0.00123349   -0.0333641     -0.85456
 -0.00195065   -0.0415543     -2.29786
  -0.0079321   -0.0107334    -0.485945
    0.015719   -0.0152748    -0.313062
   0.0166498   -0.0195263     -1.44914
   0.0079523    -0.020213     0.313118
   0.0879084    -0.100285     -1.95449
    0.126437   -0.0519112      1.52327
   0.0602137    -0.110892      1.09312
   0.0834375   -0.0968865      -1.5683
   0.0621973   -0.0792607     0.637575
   0.0833155   -0.0475472     -0.69862
    0.214907     0.155503     -1.57418
    0.153231     0.179235      1.85034
    0.291751    0.0386593     -0.92057
   0.0838953     0.161847      -0.6538
   0.0177484    0.0666363   -0.0393029
    0.012179    0.0454418       1.3861
   0.0248896    0.0407364     -0.22595
   0.0378138     0.058366     -1.08838
   0.0342127    0.0546562      1.00405
   0.0271479    0.0823643    -0.859855
   0.0536066     0.087825     0.429094
   0.0330683   0.00492208      1.34801
  -0.0205664 -0.000161002      1.05492
   0.0151697  -0.00487788     0.239662
    0.020373    -0.001952      0.63446
   0.0214716  -0.00673563     0.150364
   0.0199762    0.0248806     -1.43905
 -0.00480405    0.0242855    -0.605655
  0.00380191    0.0175812     -0.97351
   0.0124231    0.0249149     -1.18552
   0.0120417   0.00697057     -1.20471
   0.0231348    0.0200874     0.395998
    0.104037     0.054063    -0.460749
    0.108935    0.0686123  -0.00252353
    0.456713    0.0956356      1.14365
    0.496157   -0.0182026       0.8886
    0.463305    0.0356209    -0.467383
    0.496417    0.0485298     -0.57703
    0.469088     0.064233     0.420688
    0.416003    0.0759651      0.91049
     0.36632     0.088834     0.103725
    0.346331     0.094432     0.348934
     0.23894   -0.0718392     -0.74266
    0.235018    -0.174523     -0.25092
    0.552447   -0.0639103      1.79574
    0.506762    -0.233064    -0.216827
    0.504366    -0.154536    -0.288306
    0.399294    -0.226033     -1.12177
  -0.0722784     0.241229     -1.06728
  -0.0790686     0.267499     -0.67849
   -0.101819     0.301047      1.00588
   0.0985895     0.246392    -0.331936
  -0.0588812     0.352586     -1.22585
   -0.020841      0.37939    -0.438644
  -0.0626349     0.378171     -2.03806
  -0.0328344      0.40332      1.41042
   0.0105463     0.341842      -1.2566
  -0.0491308     0.333522      1.14342
   -0.052381     0.334241      -1.3352
    0.361727     0.271827     -0.63813
    0.321444     0.354501     0.178778
   0.0690485     0.538865     -1.26072
   0.0819727     0.543132      1.32298
     0.19916     0.468282     0.654525
    0.519244     0.319581     0.739195
    0.462176     0.289111     -0.54642
   0.0381952    -0.441554     0.056238
   0.0477167    -0.466224     0.576255
   0.0537287    -0.461814      0.15988
  -0.0930151    -0.526999     0.204544
   -0.114499      0.12898    -0.740695
  -0.0621466    0.0163585    -0.302943
  -0.0797552    0.0387375     0.141511
   -0.120069    0.0516865    -0.134269
   -0.403242    -0.140971     0.964665
   -0.264844     -0.12548     -0.16271
   -0.267103    -0.126315    -0.088053
   -0.370359    -0.103312    -0.105374
   -0.295774    -0.123318     -0.95852
   0.0793024    -0.233743     0.806165
  0.00645694    -0.197087     -1.40176
   0.0140711    -0.198623     0.096511
    0.018725     -0.14111    -0.117778
 0.000795928    -0.120755    -0.312196
   0.0108972    -0.105517       0.8591
 -0.00678769   -0.0801914    0.0431896
  -0.0362677    -0.109702      0.68322
  -0.0595221   -0.0728272      1.04028
  -0.0521216   -0.0817173     0.218048
  -0.0442022   -0.0792721      0.95561
  -0.0430578    -0.062909      1.05642
  -0.0346655   -0.0177353    0.0737515
  -0.0355352   -0.0146664    -0.641215
 -0.00639096    -0.157113     0.178957
  -0.0995154    -0.135018      0.64827
  -0.0984625   -0.0573242     -1.47998
   -0.101911   -0.0367668      -2.5314
  -0.0860418   -0.0116242     0.186343
   -0.142087   -0.0626991   -0.0880145
   -0.106412   -0.0189598     -1.03244
    -0.23628    -0.104731       1.8697
    -0.24484    -0.091584      1.40596
   -0.204389   -0.0888165      2.03442
   -0.195737   -0.0430687     -0.75393
   -0.422605    -0.320885      1.15516
   -0.321409    -0.329577    -0.778715
   0.0139032    -0.281428     0.129416
  -0.0339331     -0.25771    -0.238611
  -0.0935492    -0.249213    -0.574655
   -0.104444    -0.302831      0.50687
  -0.0814489     -0.29802      0.89138
   -0.257337    -0.318583      1.06786
    -0.31117     0.245195      -1.1821
   -0.292524     0.399749      1.83109
   -0.367933     0.365634    -0.087286
   -0.343412     0.370103    -0.277472
   -0.323194     0.397845      0.87483
   -0.297071     0.446002    -0.190872
   -0.404752     0.244249      -0.5899
   -0.311445     0.300195      1.12949
   -0.349653     0.430089     -1.53615
   -0.322706     0.442062    -0.031224
   -0.315626     0.236959      1.11328
    -0.40167     0.135604      2.54804
   -0.399152   -0.0319088     -0.33975
   -0.574232   -0.0900677     0.263239
   -0.549314   -0.0869587     -1.62801
   -0.504514   -0.0521591      1.61383
   -0.510389   -0.0632408     0.668705
   -0.579404    0.0759136    -0.485993
   -0.451536     0.211618      1.08411
