       0                 0            0
     -0.14674130      0.27879446     -2.31764
    -0.089719209      0.37518232    -0.932149
     -0.12692014      0.43920248     -1.45367
     -0.23418942      0.37939565     -2.17880
     -0.24548093      0.39254873     -1.38075
     -0.27937070      0.45389478     -3.67491
     -0.27349606      0.43787687    -0.711699
     -0.23592893      0.45865934      2.36456
     -0.16827145      0.38185995     -3.33112
     -0.18369809      0.40001028     -1.18865
     -0.13946286      0.42212980     0.420987
     -0.15162412      0.45263784      1.66248
     0.019655791      0.51977270      3.66621
    -0.070325288      0.47725599    -0.239759
    -0.071851167      0.53726499     0.977071
      0.14476260     -0.30434496     0.450014
      0.18992862     -0.32360728      2.20215
      0.38588199     -0.29260714    -0.427027
      0.53122195      0.15963476   -0.0319558
      0.56292972      0.12102430     -2.63228
      0.52499637      0.12262838    0.0486414
      0.57490787      0.19801443    -0.279421
      0.58664188    -0.066569160     -1.07027
    -0.023084077     0.075007607     0.285838                
    -0.031537446     0.092848946     -2.15725
    -0.015180024      0.10091131     -1.36181
     0.025332061      0.10892408    -0.235885
    -0.061963471     0.082120110      2.60250
    -0.034909638      0.10690038    -0.258360
    -0.088757905     0.093234231      2.95297
    -0.061643037     0.056155373    -0.161312
    -0.060971650     0.075492074    -0.121796
     0.016192046      0.16844862     0.497261
     0.012072173      0.13998525     -1.38271
     0.020433990      0.12072675     -4.39116
    -0.019925507      0.12981908     -2.49731
    -0.028134736      0.18238561      3.41386
    -0.020551118      0.18936460     0.683710
     0.081789581     -0.13964922     -1.75050
      0.11290225     -0.12826044      1.93027
      0.24899539    -0.018055747     0.260289
      0.21036014    -0.019738029    -0.972998
      0.13505801    -0.022234748      2.44009
      0.15825137    -0.023096870      1.94481
      0.15201053    -0.039357017      2.22661
     0.057985870    -0.051274131     -1.57854
     0.063662139    -0.060671638     -1.19578                
     0.063372222    -0.042095969     0.188210
     0.088457671    -0.021332572     -3.22717
     0.014376250    -0.090336631    -0.398051
     0.037767974    -0.048544715      2.90787
     0.040987579    -0.068764518     -2.59182
     0.018450347    -0.027439903     0.599524
     0.057451812    -0.013422797     -2.30350
     0.062548248    -0.019017051     -1.86913
     0.062532989    -0.036900352      5.37651
     0.058596221    -0.030390571     -1.33896
     0.067156402   -0.0097969277     -2.25320
    -0.024411591    -0.012127708      1.27336
    -0.012708100    -0.025055717     0.527168
   0.00082644578    -0.024115394     -3.18182
   -0.0054906929    -0.036997627    -0.744231
   -0.0012334907    -0.033364127     -1.70912
   -0.0019506538    -0.041554282     -4.59571
   -0.0079320991    -0.010733436    -0.971891
     0.015719024    -0.015274833    -0.626124
     0.016649810    -0.019526313     -2.89827
    0.0079523003    -0.020212959     0.626236
     0.087908355     -0.10028536     -3.90898
      0.12643680    -0.051911185      3.04655                
     0.060213653     -0.11089213      2.18623
     0.083437530    -0.096886466     -3.13660
     0.062197295    -0.079260658      1.27515
     0.083315459    -0.047547172     -1.39724
      0.21490726      0.15550344     -3.14836
      0.15323123      0.17923467      3.70068
      0.29175052     0.038659264     -1.84114
     0.083895293      0.16184728     -1.30760
     0.017748443     0.066636254   -0.0786058
     0.012178985     0.045441796      2.77221
     0.024889556     0.040736367    -0.451901
     0.037813750     0.058365990     -2.17675
     0.034212676     0.054656197      2.00809
     0.027147857     0.082364251     -1.71971
     0.053606597     0.087824990     0.858187
     0.033068267    0.0049220817      2.69603
    -0.020566376  -0.00016100236      2.10984
     0.015169707   -0.0048778755     0.479324
     0.020372955   -0.0019520027      1.26892
     0.021471587   -0.0067356331     0.300727
     0.019976226     0.024880578     -2.87811
   -0.0048040474     0.024285485     -1.21131
    0.0038019096     0.017581155     -1.94702                
     0.012423125     0.024914910     -2.37105
     0.012041656    0.0069705742     -2.40943
     0.023134795     0.020087411     0.791995
      0.10403689     0.054063012    -0.921498
      0.10893497     0.068612267  -0.00504706
      0.45671329     0.095635583      2.28730
      0.49615726    -0.018202613      1.77720
      0.46330508     0.035620858    -0.934766
      0.49641666     0.048529794     -1.15406
      0.46908816     0.064232995     0.841376
      0.41600284     0.075965096      1.82098
      0.36632022     0.088833977     0.207450
      0.34633121     0.094432046     0.697869
      0.23893985    -0.071839164     -1.48532
      0.23501834     -0.17452318    -0.501840
      0.55244693    -0.063910316      3.59147
      0.50676211     -0.23306353    -0.433653
      0.50436648     -0.15453608    -0.576612
      0.39929446     -0.22603304     -2.24355
    -0.072278413      0.24122923     -2.13456
    -0.079068574      0.26749914     -1.35698
     -0.10181943      0.30104749      2.01175
     0.098589507      0.24639242    -0.663872                
    -0.058881196      0.35258596     -2.45171
    -0.020841035      0.37938993    -0.877288
    -0.062634858      0.37817114     -4.07612
    -0.032834443      0.40331953      2.82084
     0.010546294      0.34184187     -2.51321
    -0.049130830      0.33352201      2.28683
    -0.052380952      0.33424108     -2.67040
      0.36172732      0.27182691     -1.27626
      0.32144412      0.35450094     0.357555
     0.069048492      0.53886526     -2.52144
     0.081972686      0.54313200      2.64595
      0.19916019      0.46828191      1.30905
      0.51924380      0.31958120      1.47839
      0.46217593      0.28911131     -1.09284
     0.038195220     -0.44155390     0.112476
     0.047716705     -0.46622355      1.15251
     0.053728667     -0.46181376     0.319760
    -0.093015107     -0.52699930     0.409089
     -0.11449948      0.12897985     -1.48139
    -0.062146577     0.016358544    -0.605886
    -0.079755219     0.038737466     0.283022
     -0.12006894     0.051686456    -0.268538
     -0.40324155     -0.14097102      1.92933                
     -0.26484433     -0.12547953    -0.325419
     -0.26710263     -0.12631495    -0.176106
     -0.37035886     -0.10331232    -0.210749
     -0.29577390     -0.12331850     -1.91704
     0.079302398     -0.23374255      1.61233
    0.0064569389     -0.19708712     -2.80352
     0.014071075     -0.19862253     0.193022
     0.018725005     -0.14111025    -0.235556
   0.00079592820     -0.12075503    -0.624393
     0.010897247     -0.10551722      1.71820
   -0.0067876900    -0.080191444    0.0863792
    -0.036267670     -0.10970194      1.36644
    -0.059522065    -0.072827171      2.08055
    -0.052121552    -0.081717323     0.436096
    -0.044202241    -0.079272102      1.91122
    -0.043057832    -0.062908958      2.11283
    -0.034665498    -0.017735313     0.147503
    -0.035535249    -0.014666389     -1.28243
   -0.0063909614     -0.15711291     0.357915
    -0.099515351     -0.13501818      1.29654
    -0.098462495    -0.057324241     -2.95995
     -0.10191098    -0.036766837     -5.06280
    -0.086041840    -0.011624168     0.372687                
     -0.14208737    -0.062699149    -0.176029
     -0.10641232    -0.018959830     -2.06488
     -0.23627988     -0.10473139      3.73941
     -0.24484006    -0.091584037      2.81191
     -0.20438901    -0.088816474      4.06883
     -0.19573727    -0.043068717     -1.50786
     -0.42260495     -0.32088549      2.31032
     -0.32140866     -0.32957728     -1.55743
     0.013903228     -0.28142817     0.258832
    -0.033933076     -0.25771029    -0.477222
    -0.093549165     -0.24921305     -1.14931
     -0.10444394     -0.30283053      1.01374
    -0.081448945     -0.29802019      1.78276
     -0.25733701     -0.31858332      2.13572
     -0.31117001      0.24519460     -2.36421
     -0.29252377      0.39974897      3.66219
     -0.36793271      0.36563413    -0.174572
     -0.34341184      0.37010305    -0.554944
     -0.32319394      0.39784544      1.74966
     -0.29707089      0.44600218    -0.381744
     -0.40475217      0.24424856     -1.17980
     -0.31144467      0.30019491      2.25898
     -0.34965268      0.43008917     -3.07229                
     -0.32270566      0.44206159   -0.0624481
     -0.31562558      0.23695867      2.22655
     -0.40166989      0.13560407      5.09607
     -0.39915219    -0.031908820    -0.679500
     -0.57423154    -0.090067695     0.526478
     -0.54931394    -0.086958717     -3.25603
     -0.50451413    -0.052159141      3.22767
     -0.51038876    -0.063240836      1.33741
     -0.57940427     0.075913598    -0.971986
     -0.45153561      0.21161764      2.16822
