56
110
55
88
44
42
9
60
184
23
128
172
148
145
0
32
52
160
161
44
61
28
4
124
65
51
27
92
19
116
191
47
108
159
17
35
140
3
13
3
123
168
2
32
72
54
108
9
62
113
102
52
69
186
76
130
81
7
158
187
162
165
93
100
129
16
86
76
125
18
177
71
45
59
31
181
96
75
178
10
40
122
117
85
119
65
102
33
17
67
112
133
169
91
105
46
82
121
40
12
141
20
68
27
15
120
69
80
57
163
150
146
6
20
14
6
84
70
168
48
67
96
4
21
66
139
142
7
14
97
36
182
95
167
54
37
58
79
105
188
1
136
166
41
58
116
131
170
99
185
147
24
25
98
154
180
63
133
179
144
93
109
25
46
1
118
156
77
84
30
36
74
89
38
99
39
143
104
29
49
151
8
78
103
158
12
137
42
111
26
150
138
50
0
128
62
149
87
53
90
107
18
60
79
124
34
155
72
174
90
11
22
83
175
106
120
190
74
127
87
134
183
171
144
10
29
126
112
138
64
176
94
22
34
189
114
135
5
31
152
115
82
38
73
48
164
153
24
43
15
101
173
50
56
132
157
